10000 OK 100 139
10000 OK 120 72
10000 OK 144 70
10000 OK 172 74
10000 OK 206 69
10000 OK 247 85
10000 OK 296 74
10000 OK 355 78
10000 OK 426 77
10000 OK 511 80
10000 OK 613 86
10000 OK 735 88
10000 OK 882 99
10000 OK 1058 119
10000 OK 1269 120
10000 OK 1522 130
10000 OK 1826 142
10000 OK 2191 189
10000 OK 2629 177
10000 OK 3154 195
10000 OK 3784 248
10000 OK 4540 299
10000 OK 5448 314
10000 OK 6537 339
10000 OK 7844 390
10000 OK 9412 504
10000 OK 11294 536
10000 OK 13552 627
10000 OK 16262 722
10000 OK 19514 1084
10000 OK 23416 870
10000 OK 28099 1009
10000 OK 33718 1249
10000 OK 40461 1308
10000 OK 48553 1500
10000 OK 58263 1854
10000 OK 69915 2173
10000 OK 83898 2288
10000 OK 100677 2645
10000 OK 120812 3069
10000 OK 144974 3588
10000 OK 173968 4547
10000 OK 208761 5115
10000 OK 250513 5421
10000 OK 300615 14502
10000 OK 360738 14884
10000 OK 432885 11277
10000 OK 519462 13296
10000 OK 623354 21408
10000 OK 748024 20681
10000 OK 897628 23248
10000 OK 1077153 38192
10000 OK 1292583 29951
10000 OK 1551099 62478
10000 OK 1861318 44192
10000 OK 2233581 116559
10000 OK 2680297 81488
10000 OK 3216356 63771
10000 OK 3859627 77949
10000 OK 4631552 92361
10000 OK 5557862 125405
10000 OK 6669434 131473
10000 OK 8003320 218713
10000 OK 9603984 203295
10000 OK 11524780 260019
10000 OK 13829736 372902
10000 OK 16595683 349401
10000 OK 19914819 395496
100000000 OK 100 758867
100000000 OK 120 741700
100000000 OK 144 741820
100000000 OK 172 780611
100000000 OK 206 806585
100000000 OK 247 785150
100000000 OK 296 771856
100000000 OK 355 831160
100000000 OK 426 809706
100000000 OK 511 771060
100000000 OK 613 808080
100000000 OK 735 769401
100000000 OK 882 791312
100000000 OK 1058 792533
100000000 OK 1269 761856
100000000 OK 1522 762074
100000000 OK 1826 782041
100000000 OK 2191 802351
100000000 OK 2629 792742
100000000 OK 3154 769284
100000000 OK 3784 761089
100000000 OK 4540 778405
100000000 OK 5448 798030
100000000 OK 6537 806307
100000000 OK 7844 785664
100000000 OK 9412 786478
100000000 OK 11294 801259
100000000 OK 13552 819589
100000000 OK 16262 794256
100000000 OK 19514 828122
100000000 OK 23416 927761
100000000 OK 28099 826467
100000000 OK 33718 795752
100000000 OK 40461 786448
100000000 OK 48553 790231
100000000 OK 58263 812102
100000000 OK 69915 801896
100000000 OK 83898 819301
100000000 OK 100677 832430
100000000 OK 120812 891053
100000000 OK 144974 787912
100000000 OK 173968 803051
100000000 OK 208761 933301
100000000 OK 250513 1054545
100000000 OK 300615 829379
100000000 OK 360738 809710
100000000 OK 432885 823090
100000000 OK 519462 825072
100000000 OK 623354 836965
100000000 OK 748024 960638
100000000 OK 897628 904108
100000000 OK 1077153 954448
100000000 OK 1292583 1195747
100000000 OK 1551099 983988
100000000 OK 1861318 937470
100000000 OK 2233581 973806
100000000 OK 2680297 1024486
100000000 OK 3216356 1161412
100000000 OK 3859627 1126784
100000000 OK 4631552 1191016
100000000 OK 5557862 1268640
100000000 OK 6669434 1363709
100000000 OK 8003320 1496404
100000000 OK 9603984 1659472
100000000 OK 11524780 1793057
100000000 OK 13829736 2084210
100000000 OK 16595683 2268204
100000000 OK 19914819 2940644
1000000000000 Failed 100 63
1000000000000 Failed 120 8
1000000000000 Failed 144 7
1000000000000 Failed 172 6
1000000000000 Failed 206 5
1000000000000 Failed 247 6
1000000000000 Failed 296 6
1000000000000 Failed 355 7
1000000000000 Failed 426 12
1000000000000 Failed 511 9
1000000000000 Failed 613 9
1000000000000 Failed 735 10
1000000000000 Failed 882 12
1000000000000 Failed 1058 13
1000000000000 Failed 1269 15
1000000000000 Failed 1522 17
1000000000000 Failed 1826 19
1000000000000 Failed 2191 23
1000000000000 Failed 2629 26
1000000000000 Failed 3154 32
1000000000000 Failed 3784 37
1000000000000 Failed 4540 44
1000000000000 Failed 5448 51
1000000000000 Failed 6537 61
1000000000000 Failed 7844 72
1000000000000 Failed 9412 89
1000000000000 Failed 11294 105
1000000000000 Failed 13552 121
1000000000000 Failed 16262 149
1000000000000 Failed 19514 190
1000000000000 Failed 23416 255
1000000000000 Failed 28099 259
1000000000000 Failed 33718 312
1000000000000 Failed 40461 372
1000000000000 Failed 48553 426
1000000000000 Failed 58263 536
1000000000000 Failed 69915 610
1000000000000 Failed 83898 733
1000000000000 Failed 100677 867
1000000000000 Failed 120812 1067
1000000000000 Failed 144974 1262
1000000000000 Failed 173968 1549
1000000000000 Failed 208761 1817
1000000000000 Failed 250513 2261
1000000000000 Failed 300615 2738
1000000000000 Failed 360738 4448
1000000000000 Failed 432885 4695
1000000000000 Failed 519462 6677
1000000000000 Failed 623354 5960
1000000000000 Failed 748024 7477
1000000000000 Failed 897628 8430
1000000000000 Failed 1077153 9708
1000000000000 Failed 1292583 12246
1000000000000 Failed 1551099 14901
1000000000000 Failed 1861318 18783
1000000000000 Failed 2233581 24840
1000000000000 Failed 2680297 35189
1000000000000 Failed 3216356 29886
1000000000000 Failed 3859627 57475
1000000000000 Failed 4631552 61499
1000000000000 Failed 5557862 70679
1000000000000 Failed 6669434 87243
1000000000000 Failed 8003320 95862
1000000000000 Failed 9603984 91886
1000000000000 Failed 11524780 107189
1000000000000 Failed 13829736 125281
1000000000000 Failed 16595683 156356
1000000000000 Failed 19914819 216770
10000000000000000 Failed 100 19
10000000000000000 Failed 120 5
10000000000000000 Failed 144 5
10000000000000000 Failed 172 5
10000000000000000 Failed 206 5
10000000000000000 Failed 247 6
10000000000000000 Failed 296 6
10000000000000000 Failed 355 7
10000000000000000 Failed 426 7
10000000000000000 Failed 511 8
10000000000000000 Failed 613 9
10000000000000000 Failed 735 10
10000000000000000 Failed 882 12
10000000000000000 Failed 1058 14
10000000000000000 Failed 1269 16
10000000000000000 Failed 1522 18
10000000000000000 Failed 1826 21
10000000000000000 Failed 2191 24
10000000000000000 Failed 2629 29
10000000000000000 Failed 3154 33
10000000000000000 Failed 3784 46
10000000000000000 Failed 4540 47
10000000000000000 Failed 5448 55
10000000000000000 Failed 6537 78
10000000000000000 Failed 7844 89
10000000000000000 Failed 9412 102
10000000000000000 Failed 11294 117
10000000000000000 Failed 13552 140
10000000000000000 Failed 16262 172
10000000000000000 Failed 19514 204
10000000000000000 Failed 23416 263
10000000000000000 Failed 28099 312
10000000000000000 Failed 33718 548
10000000000000000 Failed 40461 428
10000000000000000 Failed 48553 578
10000000000000000 Failed 58263 743
10000000000000000 Failed 69915 983
10000000000000000 Failed 83898 944
10000000000000000 Failed 100677 1056
10000000000000000 Failed 120812 1404
10000000000000000 Failed 144974 1398
10000000000000000 Failed 173968 1795
10000000000000000 Failed 208761 1833
10000000000000000 Failed 250513 2305
10000000000000000 Failed 300615 2809
10000000000000000 Failed 360738 3204
10000000000000000 Failed 432885 3989
10000000000000000 Failed 519462 4903
10000000000000000 Failed 623354 5589
10000000000000000 Failed 748024 6654
10000000000000000 Failed 897628 7946
10000000000000000 Failed 1077153 9847
10000000000000000 Failed 1292583 11518
10000000000000000 Failed 1551099 14141
10000000000000000 Failed 1861318 16892
10000000000000000 Failed 2233581 19913
10000000000000000 Failed 2680297 24871
10000000000000000 Failed 3216356 28809
10000000000000000 Failed 3859627 34694
10000000000000000 Failed 4631552 41784
10000000000000000 Failed 5557862 53114
10000000000000000 Failed 6669434 60303
10000000000000000 Failed 8003320 74540
10000000000000000 Failed 9603984 95988
10000000000000000 Failed 11524780 106092
10000000000000000 Failed 13829736 131491
10000000000000000 Failed 16595683 149998
10000000000000000 Failed 19914819 189198
