10000 OK 100 35
10000 OK 120 29
10000 OK 144 35
10000 OK 172 46
10000 OK 206 55
10000 OK 247 69
10000 OK 296 87
10000 OK 355 109
10000 OK 426 130
10000 OK 511 163
10000 OK 613 222
10000 OK 735 252
10000 OK 882 326
10000 OK 1058 383
10000 OK 1269 490
10000 OK 1522 594
10000 OK 1826 726
10000 OK 2191 902
10000 OK 2629 1130
10000 OK 3154 1374
10000 OK 3784 1667
10000 OK 4540 2075
10000 OK 5448 2519
10000 OK 6537 3158
10000 OK 7844 3874
10000 OK 9412 4748
10000 OK 11294 5923
10000 OK 13552 7212
10000 OK 16262 8798
10000 OK 19514 10733
10000 OK 23416 13294
10000 OK 28099 16177
10000 OK 33718 19919
10000 OK 40461 24758
10000 OK 48553 30553
10000 OK 58263 37583
10000 OK 69915 47247
10000 OK 83898 58742
10000 OK 100677 70211
10000 OK 120812 88351
10000 OK 144974 102486
10000 OK 173968 130376
10000 OK 208761 157763
10000 OK 250513 197569
10000 OK 300615 242436
10000 OK 360738 320803
10000 OK 432885 402405
10000 OK 519462 532799
10000 OK 623354 630272
10000 OK 748024 806606
10000 OK 897628 1029306
10000 OK 1077153 1249396
10000 OK 1292583 1587952
10000 OK 1551099 2025714
10000 OK 1861318 2474909
10000 OK 2233581 3185852
10000 OK 2680297 4023198
10000 OK 3216356 5031769
10000 OK 3859627 6143853
10000 OK 4631552 7906216
10000 OK 5557862 9840506
10000 OK 6669434 12355565
10000 OK 8003320 15651110
10000 OK 9603984 18937228
100000000 OK 100 30
100000000 OK 120 30
100000000 OK 144 38
100000000 OK 172 45
100000000 OK 206 56
100000000 OK 247 70
100000000 OK 296 88
100000000 OK 355 114
100000000 OK 426 187
100000000 OK 511 220
100000000 OK 613 205
100000000 OK 735 254
100000000 OK 882 314
100000000 OK 1058 393
100000000 OK 1269 480
100000000 OK 1522 584
100000000 OK 1826 718
100000000 OK 2191 884
100000000 OK 2629 1097
100000000 OK 3154 1332
100000000 OK 3784 1650
100000000 OK 4540 2036
100000000 OK 5448 2478
100000000 OK 6537 3011
100000000 OK 7844 3748
100000000 OK 9412 4637
100000000 OK 11294 5715
100000000 OK 13552 6982
100000000 OK 16262 8528
100000000 OK 19514 10484
100000000 OK 23416 13040
100000000 OK 28099 16171
100000000 OK 33718 19909
100000000 OK 40461 24359
100000000 OK 48553 30406
100000000 OK 58263 37370
100000000 OK 69915 46492
100000000 OK 83898 56315
100000000 OK 100677 68511
100000000 OK 120812 85087
100000000 OK 144974 107016
100000000 OK 173968 129514
100000000 OK 208761 158460
100000000 OK 250513 196437
100000000 OK 300615 251739
100000000 OK 360738 315119
100000000 OK 432885 391166
100000000 OK 519462 529581
100000000 OK 623354 631433
100000000 OK 748024 782869
100000000 OK 897628 1005917
100000000 OK 1077153 1259039
100000000 OK 1292583 1633090
100000000 OK 1551099 2024653
100000000 OK 1861318 2460113
100000000 OK 2233581 3265050
100000000 OK 2680297 3980024
100000000 OK 3216356 5138183
100000000 OK 3859627 6206702
100000000 OK 4631552 7840875
100000000 OK 5557862 9746672
100000000 OK 6669434 12189702
100000000 OK 8003320 15245780
100000000 OK 9603984 18932391
1000000000000 OK 100 29
1000000000000 OK 120 30
1000000000000 OK 144 36
1000000000000 OK 172 46
1000000000000 OK 206 56
1000000000000 OK 247 72
1000000000000 OK 296 91
1000000000000 OK 355 108
1000000000000 OK 426 136
1000000000000 OK 511 167
1000000000000 OK 613 206
1000000000000 OK 735 258
1000000000000 OK 882 315
1000000000000 OK 1058 381
1000000000000 OK 1269 469
1000000000000 OK 1522 585
1000000000000 OK 1826 723
1000000000000 OK 2191 869
1000000000000 OK 2629 1057
1000000000000 OK 3154 1301
1000000000000 OK 3784 1618
1000000000000 OK 4540 2007
1000000000000 OK 5448 2460
1000000000000 OK 6537 3002
1000000000000 OK 7844 3704
1000000000000 OK 9412 4542
1000000000000 OK 11294 5736
1000000000000 OK 13552 7117
1000000000000 OK 16262 8645
1000000000000 OK 19514 10527
1000000000000 OK 23416 13044
1000000000000 OK 28099 16264
1000000000000 OK 33718 19892
1000000000000 OK 40461 24292
1000000000000 OK 48553 30596
1000000000000 OK 58263 36973
1000000000000 OK 69915 45586
1000000000000 OK 83898 56332
1000000000000 OK 100677 68318
1000000000000 OK 120812 86106
1000000000000 OK 144974 105666
1000000000000 OK 173968 131865
1000000000000 OK 208761 160890
1000000000000 OK 250513 197514
1000000000000 OK 300615 235699
1000000000000 OK 360738 312316
1000000000000 OK 432885 390305
1000000000000 OK 519462 511527
1000000000000 OK 623354 633165
1000000000000 OK 748024 773973
1000000000000 OK 897628 991289
1000000000000 OK 1077153 1268997
1000000000000 OK 1292583 1592436
1000000000000 OK 1551099 2017847
1000000000000 OK 1861318 2544178
1000000000000 OK 2233581 3167730
1000000000000 OK 2680297 3991765
1000000000000 OK 3216356 5101962
1000000000000 OK 3859627 6248826
1000000000000 OK 4631552 7810997
1000000000000 OK 5557862 9775645
1000000000000 OK 6669434 12123911
1000000000000 OK 8003320 15021175
1000000000000 OK 9603984 19422025
10000000000000000 OK 100 29
10000000000000000 OK 120 30
10000000000000000 OK 144 37
10000000000000000 OK 172 45
10000000000000000 OK 206 55
10000000000000000 OK 247 70
10000000000000000 OK 296 92
10000000000000000 OK 355 109
10000000000000000 OK 426 133
10000000000000000 OK 511 166
10000000000000000 OK 613 203
10000000000000000 OK 735 260
10000000000000000 OK 882 313
10000000000000000 OK 1058 384
10000000000000000 OK 1269 464
10000000000000000 OK 1522 580
10000000000000000 OK 1826 725
10000000000000000 OK 2191 873
10000000000000000 OK 2629 1071
10000000000000000 OK 3154 1339
10000000000000000 OK 3784 1627
10000000000000000 OK 4540 2005
10000000000000000 OK 5448 2435
10000000000000000 OK 6537 2991
10000000000000000 OK 7844 3711
10000000000000000 OK 9412 4535
10000000000000000 OK 11294 5629
10000000000000000 OK 13552 7024
10000000000000000 OK 16262 8696
10000000000000000 OK 19514 10569
10000000000000000 OK 23416 13077
10000000000000000 OK 28099 16243
10000000000000000 OK 33718 19685
10000000000000000 OK 40461 24137
10000000000000000 OK 48553 30269
10000000000000000 OK 58263 36653
10000000000000000 OK 69915 45517
10000000000000000 OK 83898 56076
10000000000000000 OK 100677 67904
10000000000000000 OK 120812 83677
10000000000000000 OK 144974 106149
10000000000000000 OK 173968 128402
10000000000000000 OK 208761 155328
10000000000000000 OK 250513 199504
10000000000000000 OK 300615 243214
10000000000000000 OK 360738 309987
10000000000000000 OK 432885 384104
10000000000000000 OK 519462 483310
10000000000000000 OK 623354 618611
10000000000000000 OK 748024 777657
10000000000000000 OK 897628 979280
10000000000000000 OK 1077153 1287396
10000000000000000 OK 1292583 1603766
10000000000000000 OK 1551099 2006637
10000000000000000 OK 1861318 2552827
10000000000000000 OK 2233581 3143217
10000000000000000 OK 2680297 4039088
10000000000000000 OK 3216356 4957207
10000000000000000 OK 3859627 6366255
10000000000000000 OK 4631552 7815642
10000000000000000 OK 5557862 9910679
10000000000000000 OK 6669434 12106692
10000000000000000 OK 8003320 15228994
10000000000000000 OK 9603984 18930752
