10000 OK 100 64
10000 OK 200 134
10000 OK 400 272
10000 OK 800 536
10000 OK 1600 1099
10000 OK 3200 2199
10000 OK 6400 5028
10000 OK 12800 10705
10000 OK 25600 20757
10000 OK 51200 46571
10000 OK 102400 87112
100000000 OK 100 53
100000000 OK 200 113
100000000 OK 400 241
100000000 OK 800 491
100000000 OK 1600 1005
100000000 OK 3200 2081
100000000 OK 6400 4986
100000000 OK 12800 9423
100000000 OK 25600 19704
100000000 OK 51200 40852
100000000 OK 102400 90377
1000000000000 OK 100 55
1000000000000 OK 200 114
1000000000000 OK 400 238
1000000000000 OK 800 492
1000000000000 OK 1600 1028
1000000000000 OK 3200 2222
1000000000000 OK 6400 4842
1000000000000 OK 12800 9558
1000000000000 OK 25600 20237
1000000000000 OK 51200 41354
1000000000000 OK 102400 84799
10000000000000000 OK 100 55
10000000000000000 OK 200 114
10000000000000000 OK 400 244
10000000000000000 OK 800 492
10000000000000000 OK 1600 1029
10000000000000000 OK 3200 2486
10000000000000000 OK 6400 5004
10000000000000000 OK 12800 9266
10000000000000000 OK 25600 19633
10000000000000000 OK 51200 41945
10000000000000000 OK 102400 82468
