10000 OK 100 62
10000 OK 200 96
10000 OK 400 158
10000 OK 800 256
10000 OK 1600 412
10000 OK 3200 647
10000 OK 6400 1039
10000 OK 12800 1795
10000 OK 25600 3445
10000 OK 51200 6162
10000 OK 102400 11673
100000000 OK 100 107
100000000 OK 200 162
100000000 OK 400 267
100000000 OK 800 446
100000000 OK 1600 729
100000000 OK 3200 1140
100000000 OK 6400 1782
100000000 OK 12800 2999
100000000 OK 25600 5409
100000000 OK 51200 9812
100000000 OK 102400 18673
1000000000000 OK 100 151
1000000000000 OK 200 242
1000000000000 OK 400 409
1000000000000 OK 800 686
1000000000000 OK 1600 1117
1000000000000 OK 3200 1754
1000000000000 OK 6400 2758
1000000000000 OK 12800 4461
1000000000000 OK 25600 7787
1000000000000 OK 51200 13975
1000000000000 OK 102400 25784
10000000000000000 OK 100 237
10000000000000000 OK 200 376
10000000000000000 OK 400 578
10000000000000000 OK 800 938
10000000000000000 OK 1600 1526
10000000000000000 OK 3200 2120
10000000000000000 OK 6400 3277
10000000000000000 OK 12800 5575
10000000000000000 OK 25600 8898
10000000000000000 OK 51200 16238
10000000000000000 OK 102400 29933
