10000 OK 100 23
10000 OK 200 21
10000 OK 400 52
10000 OK 800 120
10000 OK 1600 289
10000 OK 3200 639
10000 OK 6400 1482
10000 OK 12800 3253
10000 OK 25600 7644
10000 OK 51200 16252
10000 OK 102400 36625
100000000 OK 100 9
100000000 OK 200 21
100000000 OK 400 51
100000000 OK 800 126
100000000 OK 1600 270
100000000 OK 3200 627
100000000 OK 6400 1519
100000000 OK 12800 3441
100000000 OK 25600 7797
100000000 OK 51200 16627
100000000 OK 102400 38005
1000000000000 OK 100 9
1000000000000 OK 200 22
1000000000000 OK 400 54
1000000000000 OK 800 120
1000000000000 OK 1600 287
1000000000000 OK 3200 658
1000000000000 OK 6400 1492
1000000000000 OK 12800 3253
1000000000000 OK 25600 7349
1000000000000 OK 51200 16773
1000000000000 OK 102400 36768
10000000000000000 OK 100 9
10000000000000000 OK 200 22
10000000000000000 OK 400 51
10000000000000000 OK 800 119
10000000000000000 OK 1600 278
10000000000000000 OK 3200 620
10000000000000000 OK 6400 1446
10000000000000000 OK 12800 3252
10000000000000000 OK 25600 7338
10000000000000000 OK 51200 16540
10000000000000000 OK 102400 36658
