10000 OK 100 12
10000 OK 200 22
10000 OK 400 49
10000 OK 800 111
10000 OK 1600 239
10000 OK 3200 537
10000 OK 6400 1136
10000 OK 12800 2702
10000 OK 25600 5067
10000 OK 51200 10879
10000 OK 102400 22620
100000000 OK 100 10
100000000 OK 200 23
100000000 OK 400 51
100000000 OK 800 109
100000000 OK 1600 242
100000000 OK 3200 527
100000000 OK 6400 1144
100000000 OK 12800 2431
100000000 OK 25600 5197
100000000 OK 51200 11010
100000000 OK 102400 23550
1000000000000 OK 100 10
1000000000000 OK 200 28
1000000000000 OK 400 50
1000000000000 OK 800 109
1000000000000 OK 1600 238
1000000000000 OK 3200 522
1000000000000 OK 6400 1123
1000000000000 OK 12800 2338
1000000000000 OK 25600 5092
1000000000000 OK 51200 10997
1000000000000 OK 102400 23756
10000000000000000 OK 100 10
10000000000000000 OK 200 22
10000000000000000 OK 400 49
10000000000000000 OK 800 110
10000000000000000 OK 1600 242
10000000000000000 OK 3200 523
10000000000000000 OK 6400 1151
10000000000000000 OK 12800 2431
10000000000000000 OK 25600 5226
10000000000000000 OK 51200 10882
10000000000000000 OK 102400 23583
